[gd_scene format=3 uid="uid://b1777xc46nyo3"]

[ext_resource type="PackedScene" uid="uid://bwmuxsf1i0otx" path="res://car.tscn" id="2_tlwt5"]
[ext_resource type="Script" uid="uid://dcqit30bb4226" path="res://cameras.gd" id="3_aqk2v"]
[ext_resource type="MeshLibrary" uid="uid://by0mk8n8eo6pt" path="res://meshlibrary/library.meshlib" id="3_tlwt5"]

[sub_resource type="ProceduralSkyMaterial" id="ProceduralSkyMaterial_a0tk4"]
sky_top_color = Color(0.40029314, 0.41218975, 0.39441738, 1)
sky_horizon_color = Color(1.0348678, 1.0221086, 1.0038987, 1)
ground_bottom_color = Color(0.59, 0.52706665, 0.47199997, 1)
ground_horizon_color = Color(1.0348678, 1.0221086, 1.0038987, 1)

[sub_resource type="Sky" id="Sky_r3fl7"]
sky_material = SubResource("ProceduralSkyMaterial_a0tk4")

[sub_resource type="Environment" id="Environment_jka67"]
background_mode = 2
sky = SubResource("Sky_r3fl7")
tonemap_mode = 2
glow_enabled = true

[sub_resource type="StandardMaterial3D" id="StandardMaterial3D_noarx"]

[node name="World" type="Node3D" unique_id=592978772]

[node name="WorldEnvironment" type="WorldEnvironment" parent="." unique_id=1591141493]
environment = SubResource("Environment_jka67")

[node name="DirectionalLight3D" type="DirectionalLight3D" parent="." unique_id=2007929400]
transform = Transform3D(-0.8660254, -0.43301278, 0.25, 0, 0.49999997, 0.86602545, -0.50000006, 0.75, -0.43301266, 0, 0, 0)
light_color = Color(0.6457067, 0.53889245, 0.26463518, 1)
shadow_enabled = true

[node name="CSGBox3D" type="CSGBox3D" parent="." unique_id=599300601]
transform = Transform3D(1, 0, 0, 0, 1, 0, 0, 0, 1, 1744.1045, -0.5, -224.0874)
use_collision = true
size = Vector3(10000, 1, 10000)
material = SubResource("StandardMaterial3D_noarx")

[node name="Car" parent="." unique_id=161624053 instance=ExtResource("2_tlwt5")]
transform = Transform3D(1, 0, 0, 0, 1, 0, 0, 0, 1, -0.48742574, 1.7106624, -3.8679411)

[node name="Cameras" type="Node3D" parent="Car" unique_id=685899208 node_paths=PackedStringArray("cameras")]
transform = Transform3D(1, 0, 0, 0, 1, 0, 0, 0, 1, 0, -0.51984537, 0)
script = ExtResource("3_aqk2v")
cameras = [NodePath("WideView"), NodePath("CloseView"), NodePath("HoodView"), NodePath("BumperView")]

[node name="WideView" type="Camera3D" parent="Car/Cameras" unique_id=1046534140]
transform = Transform3D(1, 0, 0, 0, 0.97251236, 0.23285133, 0, -0.23285133, 0.97251236, 0, 3.8619652, 6.784943)
fov = 90.9

[node name="CloseView" type="Camera3D" parent="Car/Cameras" unique_id=751879672]
transform = Transform3D(1, 0, 0, 0, 0.9588842, 0.28379777, 0, -0.28379777, 0.9588842, 0, 2.8142834, 5.3782663)

[node name="HoodView" type="Camera3D" parent="Car/Cameras" unique_id=165583961]
transform = Transform3D(1, 0, 0, 0, 0.9895837, 0.14395897, 0, -0.14395897, 0.9895837, 0, 2.5436707, -0.635236)
fov = 90.0

[node name="BumperView" type="Camera3D" parent="Car/Cameras" unique_id=2087973268]
transform = Transform3D(1, 0, 0, 0, 1, 0, 0, 0, 1, 0, 0.7051022, -2.540368)

[node name="GridMap" type="GridMap" parent="." unique_id=3989723]
transform = Transform3D(-6.556708e-07, 0, 15, 0, 15, 0, -15, 0, -6.556708e-07, 0, 0, 0)
mesh_library = ExtResource("3_tlwt5")
cell_size = Vector3(1, 0.01, 0.2)
data = {
"cells": PackedInt32Array(0, 0, 64, 1, 0, 64, 2, 0, 64, 3, 0, 655424, 4, 0, 64, 5, 0, 17, 6, 0, 1048597, 7, 0, 17, 8, 0, 64, 9, 0, 64, 10, 0, 64, 11, 0, 64, 12, 0, 64, 13, 0, 64, 14, 0, 64, 15, 0, 64, 0, 65534, 6, 1, 65534, 6, 0, 2, 6, 6, 5, 1441809, 6, 10, 1441856, 6, 15, 1441856, 6, 20, 1048640, 6, 65531, 1441809, 5, 65530, 655450, 3, 65530, 655441, 5, 6, 83, 3, 5, 82, 1, 5, 83, 1, 65530, 655440)
}
